0 0
500 3
1000 11
1500 25
2000 42
2500 66
3000 97
3500 132
4000 174
4500 216
5000 272
5500 328
6000 388
6500 445
7000 515
7500 606
8000 675
8500 812
9000 865
9500 955
10000 1064
10500 1171
11000 1286
11500 1399
12000 1529
12500 1681
13000 1789
13500 1927
14000 2086
14500 2250
15000 2466
15500 2549
16000 2728
16500 2881
17000 3070
17500 3251
18000 3493
18500 3633
19000 3831
19500 4458
20000 4278
20500 4614
21000 4751
21500 4918
22000 5133
22500 5398
23000 5661
23500 6087
24000 6608
24500 6418
25000 6713
25500 7126
26000 7191
26500 7511
27000 7890
27500 8341
28000 8392
28500 8629
29000 8968
29500 9292
30000 9578
30500 10014
31000 10253
31500 10572
32000 10914
32500 11519
33000 12081
33500 11981
34000 12769
34500 12728
35000 13178
35500 13471
36000 13792
36500 14256
37000 15104
37500 15114
38000 15446
38500 16719
39000 16228
39500 16676
40000 17056
40500 17491
41000 17956
41500 18995
42000 20250
42500 20354
43000 20308
43500 21825
44000 21492
44500 22123
45000 22466
45500 24972
46000 23424
46500 24216
47000 23546
47500 25614
48000 25354
48500 25333
49000 25756
49500 26653
50000 26856
50500 27687
51000 28634
51500 28321
52000 30835
52500 29911
53000 29883
53500 31149
54000 31054
54500 31438
55000 32183
55500 32497
56000 33177
56500 33698
57000 34636
57500 34932
58000 35542
58500 36738
59000 37622
59500 38533
60000 38887
60500 38671
61000 39387
61500 43344
62000 41726
62500 41288
63000 41944
63500 42590
64000 43240
64500 44031
65000 44609
65500 45336
66000 46028
66500 46743
67000 47443
67500 48079
68000 48802
68500 49788
69000 50297
69500 50872
70000 51722
70500 52533
71000 53252
71500 53833
72000 54806
72500 55460
73000 56227
73500 56952
74000 57826
74500 58512
75000 59421
75500 60181
76000 60872
76500 61833
77000 62433
77500 63448
78000 64198
78500 65042
79000 65898
79500 66655
80000 67594
80500 68527
81000 69351
81500 70195
82000 70734
82500 71776
83000 72774
83500 73561
84000 74441
84500 75246
85000 76324
85500 77138
86000 78177
86500 78887
87000 79699
87500 80767
88000 81704
88500 82636
89000 83566
89500 84559
90000 85442
90500 86378
91000 87432
91500 88358
92000 89217
92500 90241
93000 91144
93500 92485
94000 93457
94500 94321
95000 95530
95500 96395
96000 97202
96500 98534
97000 99408
97500 100392
98000 101510
98500 102303
99000 103465
99500 104643
100000 105734
100500 106540
101000 107627
101500 108766
102000 109994
102500 110863
103000 112235
103500 113023
104000 114045
104500 115690
105000 116354
105500 117486
106000 118661
106500 119653
107000 120856
107500 122315
108000 123099
108500 124168
109000 125498
109500 126602
110000 127509
110500 129287
111000 129988
111500 131438
112000 132482
112500 133727
113000 134805
113500 136044
114000 142520
114500 141158
115000 141613
115500 148649
116000 146958
116500 154022
117000 155381
117500 149514
118000 150804
118500 154127
119000 154896
119500 156076
120000 154364
120500 153558
121000 157252
121500 158212
122000 158903
122500 161046
123000 162331
123500 163585
124000 164908
124500 165784
125000 167571
125500 169630
126000 170703
126500 171747
127000 172617
127500 173554
128000 177132
128500 177019
129000 178006
129500 178875
130000 181187
130500 182497
131000 183774
131500 186365