0 0
500 2
1000 8
1500 14
2000 31
2500 42
3000 61
3500 84
4000 116
4500 141
5000 171
5500 211
6000 247
6500 290
7000 346
7500 385
8000 437
8500 494
9000 588
9500 614
10000 698
10500 786
11000 828
11500 902
12000 992
12500 1086
13000 1160
13500 1246
14000 1351
14500 1438
15000 1566
15500 1655
16000 1767
16500 1869
17000 1989
17500 2107
18000 2305
18500 2356
19000 2491
19500 2618
20000 2781
20500 2943
21000 3036
21500 3192
22000 3339
22500 3596
23000 3645
23500 3877
24000 3987
24500 4206
25000 4432
25500 4604
26000 4656
26500 4875
27000 5198
27500 5356
28000 5429
28500 5615
29000 5864
29500 6094
30000 6229
30500 6442
31000 6638
31500 7450
32000 7255
32500 8418
33000 7611
33500 8000
34000 8017
34500 8254
35000 8504
35500 8860
36000 8967
36500 9394
37000 9469
37500 9711
38000 9988
38500 10409
39000 10510
39500 10782
40000 11057
40500 11366
41000 11650
41500 11928
42000 13624
42500 13471
43000 13171
43500 13548
44000 15748
44500 13759
45000 15640
45500 14778
46000 15296
46500 16087
47000 16036
47500 16856
48000 15957
48500 17228
49000 17299
49500 16943
50000 17556
50500 18276
51000 18257
51500 18536
52000 19117
52500 19041
53000 19452
53500 19835
54000 21373
54500 20421
55000 20742
55500 21108
56000 21983
56500 21912
57000 22603
57500 22640
58000 23246
58500 23608
59000 25670
59500 25354
60000 25639
60500 25050
61000 25639
61500 27967
62000 26406
62500 26899
63000 27269
63500 27614
64000 28276
64500 28813
65000 29013
65500 29403
66000 29907
66500 30367
67000 30776
67500 31232
68000 31677
68500 32116
69000 32906
69500 33054
70000 33511
70500 34115
71000 34593
71500 35203
72000 35467
72500 36072
73000 36582
73500 37034
74000 37728
74500 38033
75000 38593
75500 39112
76000 39589
76500 40123
77000 40598
77500 41210
78000 41697
78500 42263
79000 42742
79500 43375
80000 43932
80500 44543
81000 44919
81500 45562
82000 46102
82500 46798
83000 47462
83500 47738
84000 48435
84500 48926
85000 49465
85500 50128
86000 50793
86500 51493
87000 51932
87500 52481
88000 53042
88500 53868
89000 54441
89500 54787
90000 55646
90500 56052
91000 56896
91500 57318
92000 57846
92500 58538
93000 59159
93500 60114
94000 60618
94500 61251
95000 61865
95500 62555
96000 63223
96500 63896
97000 64537
97500 65354
98000 65852
98500 66563
99000 67378
99500 67996
100000 68779
100500 69327
101000 70090
101500 70740
102000 71355
102500 72079
103000 73296
103500 73472
104000 74151
104500 74859
105000 75878
105500 76453
106000 77094
106500 77762
107000 78419
107500 79377
108000 80098
108500 80882
109000 81690
109500 82359
110000 82817
110500 83629
111000 84521
111500 85247
112000 86383
112500 86817
113000 87550
113500 95057
114000 90498
114500 92319
115000 95401
115500 93776
116000 102974
116500 100784
117000 101524
117500 99189
118000 100294
118500 100036
119000 100957
119500 101935
120000 98980
120500 99737
121000 105077
121500 102498
122000 104361
122500 104254
123000 105908
123500 105728
124000 106780
124500 107651
125000 108409
125500 110411
126000 110570
126500 111197
127000 112184
127500 113674
128000 114037
128500 114936
129000 115707
129500 117323
130000 118145
130500 118898
131000 120356
131500 121186