0 0
500 1
1000 5
1500 12
2000 18
2500 32
3000 43
3500 60
4000 77
4500 107
5000 120
5500 147
6000 174
6500 204
7000 230
7500 267
8000 303
8500 522
9000 390
9500 434
10000 479
10500 520
11000 592
11500 629
12000 684
12500 741
13000 802
13500 887
14000 935
14500 996
15000 1125
15500 1143
16000 1232
16500 1297
17000 1368
17500 1450
18000 1559
18500 1639
19000 1727
19500 1971
20000 1921
20500 2154
21000 2115
21500 2217
22000 2292
22500 2403
23000 2571
23500 2686
24000 2805
24500 2928
25000 2986
25500 3196
26000 3236
26500 3348
27000 3524
27500 3714
28000 3750
28500 3872
29000 4023
29500 4176
30000 4317
30500 4437
31000 4609
31500 4732
32000 4896
32500 5241
33000 5431
33500 5351
34000 5598
34500 5729
35000 5836
35500 6034
36000 6222
36500 6393
37000 6566
37500 6695
38000 7009
38500 7058
39000 7294
39500 7437
40000 7649
40500 7826
41000 8009
41500 8217
42000 8403
42500 9160
43000 9224
43500 9230
44000 9270
44500 9989
45000 10198
45500 10838
46000 10519
46500 10727
47000 11237
47500 11367
48000 11744
48500 11210
49000 11531
49500 11718
50000 11945
50500 12351
51000 13243
51500 12752
52000 13058
52500 13167
53000 13427
53500 13666
54000 13918
54500 14036
55000 14326
55500 14571
56000 14830
56500 15112
57000 15418
57500 15692
58000 15943
58500 17029
59000 17015
59500 16937
60000 18284
60500 17682
61000 17610
61500 17973
62000 19673
62500 18460
63000 18779
63500 19058
64000 19488
64500 19691
65000 19992
65500 20310
66000 20599
66500 21066
67000 21207
67500 21535
68000 21836
68500 22202
69000 22502
69500 22844
70000 23152
70500 23506
71000 23796
71500 24220
72000 24468
72500 24867
73000 25194
73500 25545
74000 26049
74500 26291
75000 26548
75500 26926
76000 27334
76500 27677
77000 28075
77500 28425
78000 28683
78500 29134
79000 29592
79500 29900
80000 30491
80500 30623
81000 31012
81500 31405
82000 31761
82500 32137
83000 32523
83500 32921
84000 33333
84500 33741
85000 34152
85500 34553
86000 34930
86500 35357
87000 35772
87500 36146
88000 36576
88500 37454
89000 37398
89500 37796
90000 38263
90500 38631
91000 39193
91500 39552
92000 39979
92500 40545
93000 40923
93500 41333
94000 41691
94500 42232
95000 42651
95500 43102
96000 43612
96500 44041
97000 44506
97500 44956
98000 45456
98500 45919
99000 46351
99500 46853
100000 47307
100500 47789
101000 48265
101500 48668
102000 49219
102500 49728
103000 50162
103500 50691
104000 51159
104500 51585
105000 52098
105500 52806
106000 53207
106500 53573
107000 54195
107500 54670
108000 55138
108500 55280
109000 56128
109500 56811
110000 57266
110500 57745
111000 58241
111500 58748
112000 59324
112500 59834
113000 60333
113500 60808
114000 68761
114500 62638
115000 63224
115500 65782
116000 64824
116500 69074
117000 70189
117500 69004
118000 67380
118500 68876
119000 70509
119500 70083
120000 70409
120500 68673
121000 71863
121500 70681
122000 72345
122500 71625
123000 72236
123500 72897
124000 73470
124500 74944
125000 74487
125500 75210
126000 75986
126500 76969
127000 77953
127500 78455
128000 78273
128500 79736
129000 80316
129500 80573
130000 80846
130500 81308
131000 81782
131500 82880
132000 83148